1950	102 067 000
1951	102 945 000
1952	104 587 000
1953	106 715 000
1954	108 430 000
1955	110 537 000
1956	112 266 000
1957	114 017 000
1958	115 665 000
1959	117 534 315
1960	119 045 800
1961	120 765 599
1962	122 406 795
1963	123 848 406
1964	125 179 206
1965	126 309 100
1966	127 189 098
1967	128 026 196
1968	128 695 994
1969	129 378 809
1970	130 079 210
1971	130 563 363
1972	131 304 497
1973	132 069 024
1974	132 799 355
1975	133 633 900
1976	134 549 101
1977	135 503 754
1978	136 455 076
1979	137 550 949
1980	138 126 600
1981	138 839 197
1982	139 603 792
1983	140 529 786
1984	141 582 615
1985	142 539 000
1986	143 527 861
1987	144 783 723
1988	145 988 334
1989	147 400 537
1990	147 665 081
1991	148 273 746
1992	148 514 692
1993	148 561 694
1994	148 355 867
1995	148 459 937
1996	148 291 638
1997	148 028 613
1998	147 802 133
1999	147 539 426
2000	146 890 128
2001	146 303 611
2002	145 166 731
2003	144 963 650
2004	144 168 205
2005	143 474 219
2006	142 753 551
2007	142 220 968
2008	142 008 838
2009	141 903 979
2010	142 856 536
2011	142 865 433
2012	143 056 383
2013	143 347 059
2014	143 666 931
2015	146 267 288
2016	146 544 710
2017	146 804 372
2018	146 880 432
